../../../.git/annex/objects/PJ/6v/MD5E-s2158409--821cfede594036e9f3e681cfaddf2f34.tsv/MD5E-s2158409--821cfede594036e9f3e681cfaddf2f34.tsv